% Matlab m-File exported from HFSS2018.2.0 
% Note: In three-dimensional arrays, like S(i,j,k), the first index corresponds to the frequency.
%       So, S(N,j,k) is an S(j,k) matrix for frequency N.

f = zeros(120,1);
S = zeros(120,2,2);

f = [20000000000 20336134453.7815 20672268907.563 21008403361.3445 21344537815.126 21680672268.9076 22016806722.6891 22352941176.4706 22689075630.2521 23025210084.0336 23361344537.8151 23697478991.5966 24033613445.3782 24369747899.1597 24705882352.9412 25042016806.7227 25378151260.5042 25714285714.2857 26050420168.0672 26386554621.8487 26722689075.6303 27058823529.4118 27394957983.1933 27731092436.9748 28067226890.7563 28403361344.5378 28739495798.3193 29075630252.1008 29411764705.8824 29747899159.6639 30084033613.4454 30420168067.2269 30756302521.0084 31092436974.7899 31428571428.5714 31764705882.3529 32100840336.1344 32436974789.916 32773109243.6975 33109243697.479 33445378151.2605 33781512605.042 34117647058.8235 34453781512.605 34789915966.3866 35126050420.1681 35462184873.9496 35798319327.7311 36134453781.5126 36470588235.2941 36806722689.0756 37142857142.8571 37478991596.6386 37815126050.4202 38151260504.2017 38487394957.9832 38823529411.7647 39159663865.5462 39495798319.3277 39831932773.1092 40168067226.8908 40504201680.6723 40840336134.4538 41176470588.2353 41512605042.0168 41848739495.7983 42184873949.5798 42521008403.3613 42857142857.1428 43193277310.9244 43529411764.7059 43865546218.4874 44201680672.2689 44537815126.0504 44873949579.8319 45210084033.6134 45546218487.395 45882352941.1765 46218487394.958 46554621848.7395 46890756302.521 47226890756.3025 47563025210.084 47899159663.8655 48235294117.6471 48571428571.4286 48907563025.2101 49243697478.9916 49579831932.7731 49915966386.5546 50252100840.3361 50588235294.1176 50924369747.8992 51260504201.6807 51596638655.4622 51932773109.2437 52268907563.0252 52605042016.8067 52941176470.5882 53277310924.3698 53613445378.1513 53949579831.9328 54285714285.7143 54621848739.4958 54957983193.2773 55294117647.0588 55630252100.8403 55966386554.6218 56302521008.4034 56638655462.1849 56974789915.9664 57310924369.7479 57647058823.5294 57983193277.3109 58319327731.0924 58655462184.874 58991596638.6555 59327731092.437 59663865546.2185 60000000000 ];
S(1,:,:) = [     2.533594E-02 +     3.278805E-02i,    -8.975493E-01 +     3.578444E-01i;   -8.975493E-01 +     3.578444E-01i,     1.510650E-02 +     3.662193E-02i];
S(2,:,:) = [     3.415619E-02 +     2.980254E-02i,    -8.256295E-01 +     5.016201E-01i;   -8.256295E-01 +     5.016201E-01i,     2.315777E-02 +     3.615261E-02i];
S(3,:,:) = [     3.965808E-02 +     2.265169E-02i,    -7.308100E-01 +     6.312323E-01i;   -7.308100E-01 +     6.312323E-01i,     3.064506E-02 +     3.162012E-02i];
S(4,:,:) = [     4.114288E-02 +     1.443019E-02i,    -6.158502E-01 +     7.431758E-01i;   -6.158502E-01 +     7.431758E-01i,     3.533547E-02 +     2.408588E-02i];
S(5,:,:) = [     3.947948E-02 +     6.832313E-03i,    -4.839835E-01 +     8.344444E-01i;   -4.839835E-01 +     8.344444E-01i,     3.637786E-02 +     1.552190E-02i];
S(6,:,:) = [     3.552316E-02 +     5.259170E-04i,    -3.388519E-01 +     9.025781E-01i;   -3.388519E-01 +     9.025781E-01i,     3.411015E-02 +     7.565333E-03i];
S(7,:,:) = [     2.984654E-02 -     4.167449E-03i,    -1.844369E-01 +     9.457133E-01i;   -1.844369E-01 +     9.457133E-01i,     2.929004E-02 +     1.173061E-03i];
S(8,:,:) = [     2.287056E-02 -     6.971257E-03i,    -2.498173E-02 +     9.626345E-01i;   -2.498173E-02 +     9.626345E-01i,     2.265095E-02 -     3.151915E-03i];
S(9,:,:) = [     1.501239E-02 -     7.581789E-03i,     1.351014E-01 +     9.528235E-01i;    1.351014E-01 +     9.528235E-01i,     1.482404E-02 -     5.098663E-03i];
S(10,:,:) = [     6.786190E-03 -     5.694539E-03i,     2.913413E-01 +     9.164968E-01i;    2.913413E-01 +     9.164968E-01i,     6.410601E-03 -     4.419626E-03i];
S(11,:,:) = [    -1.144528E-03 -     1.076979E-03i,     4.393329E-01 +     8.546259E-01i;    4.393329E-01 +     8.546259E-01i,    -1.928442E-03 -     9.172122E-04i];
S(12,:,:) = [    -7.965368E-03 +     6.335970E-03i,     5.748733E-01 +     7.689314E-01i;    5.748733E-01 +     7.689314E-01i,    -9.417718E-03 +     5.498806E-03i];
S(13,:,:) = [    -1.276585E-02 +     1.634650E-02i,     6.941014E-01 +     6.618467E-01i;    6.941014E-01 +     6.618467E-01i,    -1.516816E-02 +     1.471906E-02i];
S(14,:,:) = [    -1.464867E-02 +     2.842787E-02i,     7.936306E-01 +     5.364508E-01i;    7.936306E-01 +     5.364508E-01i,    -1.824266E-02 +     2.634176E-02i];
S(15,:,:) = [    -1.287429E-02 +     4.171750E-02i,     8.706664E-01 +     3.963697E-01i;    8.706664E-01 +     3.963697E-01i,    -1.778168E-02 +     3.961699E-02i];
S(16,:,:) = [    -7.003730E-03 +     5.508530E-02i,     9.230990E-01 +     2.456539E-01i;    9.230990E-01 +     2.456539E-01i,    -1.316243E-02 +     5.346254E-02i];
S(17,:,:) = [     3.003280E-03 +     6.726769E-02i,     9.495670E-01 +     8.863901E-02i;    9.495670E-01 +     8.863901E-02i,    -4.144675E-03 +     6.656582E-02i];
S(18,:,:) = [     1.676394E-02 +     7.703232E-02i,     9.494869E-01 -     7.020160E-02i;    9.494869E-01 -     7.020160E-02i,     9.046782E-03 +     7.755335E-02i];
S(19,:,:) = [     3.352331E-02 +     8.332933E-02i,     9.230512E-01 -     2.264020E-01i;    9.230512E-01 -     2.264020E-01i,     2.573132E-02 +     8.518073E-02i];
S(20,:,:) = [     5.225660E-02 +     8.539579E-02i,     8.711976E-01 -     3.756399E-01i;    8.711976E-01 -     3.756399E-01i,     4.486578E-02 +     8.848916E-02i];
S(21,:,:) = [     7.178820E-02 +     8.280306E-02i,     7.955548E-01 -     5.138565E-01i;    7.955548E-01 -     5.138565E-01i,     6.518446E-02 +     8.689460E-02i];
S(22,:,:) = [     9.089975E-02 +     7.545743E-02i,     6.983710E-01 -     6.373593E-01i;    6.983710E-01 -     6.373593E-01i,     8.534174E-02 +     8.020708E-02i];
S(23,:,:) = [     1.084142E-01 +     6.357392E-02i,     5.824325E-01 -     7.429039E-01i;    5.824325E-01 -     7.429039E-01i,     1.040274E-01 +     6.860115E-02i];
S(24,:,:) = [     1.232576E-01 +     4.764061E-02i,     4.509764E-01 -     8.277587E-01i;    4.509764E-01 -     8.277587E-01i,     1.200461E-01 +     5.256547E-02i];
S(25,:,:) = [     1.345065E-01 +     2.838298E-02i,     3.076013E-01 -     8.897535E-01i;    3.076013E-01 -     8.897535E-01i,     1.323702E-01 +     3.285173E-02i];
S(26,:,:) = [     1.414320E-01 +     6.728402E-03i,     1.561783E-01 -     9.273152E-01i;    1.561783E-01 -     9.273152E-01i,     1.401795E-01 +     1.043027E-02i];
S(27,:,:) = [     1.435428E-01 -     1.623495E-02i,     7.634522E-04 -     9.394932E-01i;    7.634522E-04 -     9.394932E-01i,     1.429007E-01 -     1.355190E-02i];
S(28,:,:) = [     1.406275E-01 -     3.931226E-02i,    -1.544908E-01 -     9.259771E-01i;   -1.544908E-01 -     9.259771E-01i,     1.402497E-01 -     3.782072E-02i];
S(29,:,:) = [     1.327873E-01 -     6.127391E-02i,    -3.054249E-01 -     8.871052E-01i;   -3.054249E-01 -     8.871052E-01i,     1.322719E-01 -     6.104248E-02i];
S(30,:,:) = [     1.204483E-01 -     8.094402E-02i,    -4.479648E-01 -     8.238663E-01i;   -4.479648E-01 -     8.238663E-01i,     1.193671E-01 -     8.191324E-02i];
S(31,:,:) = [     1.043434E-01 -     9.729714E-02i,    -5.782170E-01 -     7.378900E-01i;   -5.782170E-01 -     7.378900E-01i,     1.022859E-01 -     9.926543E-02i];
S(32,:,:) = [     8.545907E-02 -     1.095491E-01i,    -6.925678E-01 -     6.314249E-01i;   -6.925678E-01 -     6.314249E-01i,     8.208420E-02 -     1.121773E-01i];
S(33,:,:) = [     6.494993E-02 -     1.172258E-01i,    -7.877841E-01 -     5.073010E-01i;   -7.877841E-01 -     5.073010E-01i,     6.003662E-02 -     1.200649E-01i];
S(34,:,:) = [     4.403367E-02 -     1.201979E-01i,    -8.611126E-01 -     3.688735E-01i;   -8.611126E-01 -     3.688735E-01i,     3.751680E-02 -     1.227368E-01i];
